0 1554824275.71831131
1 1554824275.74663448
2 1554824275.77495861
3 1554824275.80328131
4 1554824275.83160448
5 1554824275.85992765
6 1554824275.88825059
7 1554824275.91657352
8 1554824275.94489646
9 1554824275.97321963
10 1554824276.00154233
11 1554824276.0298655
12 1554824276.05818844
13 1554824276.08651161
14 1554824276.11483455
15 1554824276.14315844
16 1554824276.17148161
17 1554824276.19980431
18 1554824276.22812748
19 1554824276.25645065
20 1554824276.28477359
21 1554824276.31309652
22 1554824276.34141946
23 1554824276.36974263
24 1554824276.39806533
25 1554824276.4263885
26 1554824276.45471144
27 1554824276.48303461
28 1554824276.5113585
29 1554824276.53968143
30 1554824276.56800461
31 1554824276.5963273
32 1554824276.62465048
33 1554824276.65297365
34 1554824276.68129635
35 1554824276.70961952
36 1554824276.73794246
37 1554824276.76626563
38 1554824276.79458833
39 1554824276.8229115
40 1554824276.85123467
41 1554824276.87955832
42 1554824276.9078815
43 1554824276.93620443
44 1554824276.96452761
45 1554824276.99285054
46 1554824277.02117348
47 1554824277.04949665
48 1554824277.07781935
49 1554824277.10614252
50 1554824277.13446546
51 1554824277.16278863
52 1554824277.19111133
53 1554824277.2194345
54 1554824277.24775863
55 1554824277.27608132
56 1554824277.3044045
57 1554824277.33272767
58 1554824277.36105061
59 1554824277.38937354
60 1554824277.41769648
61 1554824277.44601965
62 1554824277.47434235
63 1554824277.50266552
64 1554824277.53098845
65 1554824277.55931163
66 1554824277.58763433
67 1554824277.61595845
68 1554824277.64428163
69 1554824277.67260432
70 1554824277.7009275
71 1554824277.72925067
72 1554824277.7575736
73 1554824277.78589654
74 1554824277.81421947
75 1554824277.84254265
76 1554824277.87086535
77 1554824277.89918852
78 1554824277.92751145
79 1554824277.95583463
80 1554824277.98415852
81 1554824278.01248145
82 1554824278.04080462
83 1554824278.06912732
84 1554824278.09745049
85 1554824278.12577367
86 1554824278.15409636
87 1554824278.18241954
88 1554824278.21074247
89 1554824278.23906565
90 1554824278.26738834
91 1554824278.29571152
92 1554824278.32403445
93 1554824278.35235834
94 1554824278.38068151
95 1554824278.40900445
96 1554824278.43732762
97 1554824278.46565032
98 1554824278.49397349
99 1554824278.52229667
100 1554824278.55061936
101 1554824278.57894254
102 1554824278.60726547
103 1554824278.63558865
104 1554824278.66391134
105 1554824278.69223452
106 1554824278.72055864
107 1554824278.74888134
108 1554824278.77720451
109 1554824278.80552745
110 1554824278.83385062
111 1554824278.86217356
112 1554824278.89049649
113 1554824278.91881967
114 1554824278.94714236
115 1554824278.97546554
116 1554824279.00378847
117 1554824279.03211164
118 1554824279.06043434
119 1554824279.08875847
120 1554824279.11708164
121 1554824279.14540434
122 1554824279.17372751
123 1554824279.20205045
124 1554824279.23037362
125 1554824279.25869656
126 1554824279.28701949
127 1554824279.31534266
128 1554824279.34366536
129 1554824279.37198853
130 1554824279.40031147
131 1554824279.42863464
132 1554824279.45695853
133 1554824279.48528147
134 1554824279.51360464
135 1554824279.54192734
136 1554824279.57025051
137 1554824279.59857368
138 1554824279.62689638
139 1554824279.65521955
140 1554824279.68354249
141 1554824279.71186566
142 1554824279.74018836
143 1554824279.76851153
144 1554824279.79683447
145 1554824279.82515836
146 1554824279.85348153
147 1554824279.88180447
148 1554824279.91012764
149 1554824279.93845034
150 1554824279.96677351
151 1554824279.99509668
152 1554824280.02341938
153 1554824280.05174255
154 1554824280.08006549
155 1554824280.10838866
156 1554824280.13671136
157 1554824280.16503453
158 1554824280.19335866
159 1554824280.22168136
160 1554824280.25000453
161 1554824280.27832747
162 1554824280.30665064
163 1554824280.33497334
164 1554824280.36329651
165 1554824280.39161968
166 1554824280.41994238
167 1554824280.44826555
168 1554824280.47658849
169 1554824280.50491166
170 1554824280.53323436
171 1554824280.56155849
172 1554824280.58988166
173 1554824280.61820436
174 1554824280.64652753
175 1554824280.67485046
176 1554824280.70317364
177 1554824280.73149633
178 1554824280.75981951
179 1554824280.78814268
180 1554824280.81646538
181 1554824280.84478855
182 1554824280.87311149
183 1554824280.90143466
184 1554824280.92975855
185 1554824280.95808148
186 1554824280.98640466
187 1554824281.01472735
188 1554824281.04305053
189 1554824281.07137346
190 1554824281.0996964
191 1554824281.12801957
192 1554824281.15634251
193 1554824281.18466568
194 1554824281.21298838
195 1554824281.24131155
196 1554824281.26963449
197 1554824281.29795837
198 1554824281.32628155
199 1554824281.35460448
200 1554824281.38292766
201 1554824281.41125035
202 1554824281.43957353
203 1554824281.46789646
204 1554824281.4962194
205 1554824281.52454257
206 1554824281.55286551
207 1554824281.58118868
208 1554824281.60951138
209 1554824281.63783455
210 1554824281.66615868
211 1554824281.69448137
212 1554824281.72280455
213 1554824281.75112748
214 1554824281.77945065
215 1554824281.80777335
216 1554824281.83609653
217 1554824281.8644197
218 1554824281.8927424
219 1554824281.92106557
220 1554824281.9493885
221 1554824281.97771168
222 1554824282.00603437
223 1554824282.0343585
224 1554824282.06268167
225 1554824282.09100437
226 1554824282.11932755
227 1554824282.14765048
228 1554824282.17597365
229 1554824282.20429635
230 1554824282.23261952
231 1554824282.2609427
232 1554824282.28926539
233 1554824282.31758857
234 1554824282.3459115
235 1554824282.37423468
236 1554824282.40255857
237 1554824282.4308815
238 1554824282.45920467
239 1554824282.48752737
240 1554824282.51585054
241 1554824282.54417348
242 1554824282.57249641
243 1554824282.60081935
244 1554824282.62914252
245 1554824282.6574657
246 1554824282.68578839
247 1554824282.71411157
248 1554824282.7424345
249 1554824282.77075839
250 1554824282.79908156
251 1554824282.8274045
252 1554824282.85572767
253 1554824282.88405037
254 1554824282.91237354
255 1554824282.94069648
256 1554824282.96901941
257 1554824282.99734235
258 1554824283.02566552
259 1554824283.0539887
260 1554824283.08231139
261 1554824283.11063457
262 1554824283.13895869
263 1554824283.16728139
264 1554824283.19560456
265 1554824283.2239275
266 1554824283.25225067
267 1554824283.28057337
268 1554824283.30889654
269 1554824283.33721948
270 1554824283.36554241
271 1554824283.39386559
272 1554824283.42218852
273 1554824283.45051169
274 1554824283.47883439
275 1554824283.50715852
276 1554824283.53548169
277 1554824283.56380439
278 1554824283.59212756
279 1554824283.6204505
280 1554824283.64877367
281 1554824283.67709637
282 1554824283.70541954
283 1554824283.73374248
284 1554824283.76206541
285 1554824283.79038858
286 1554824283.81871152
287 1554824283.84703469
288 1554824283.87535858
289 1554824283.90368152
290 1554824283.93200469
291 1554824283.96032739
292 1554824283.98865056
293 1554824284.0169735
294 1554824284.04529643
295 1554824284.07361937
296 1554824284.10194254
297 1554824284.13026571
298 1554824284.15858841
299 1554824284.18691158
300 1554824284.21523452
301 1554824284.24355841
302 1554824284.27188158
303 1554824284.30020452
304 1554824284.32852769
305 1554824284.35685039
306 1554824284.38517356
307 1554824284.41349649
308 1554824284.44181943
309 1554824284.47014236
310 1554824284.49846554
311 1554824284.52678871
312 1554824284.55511141
313 1554824284.58343458
314 1554824284.61175871
315 1554824284.64008141
316 1554824284.66840458
317 1554824284.69672751
318 1554824284.72505069
319 1554824284.75337338
320 1554824284.78169656
321 1554824284.81001949
322 1554824284.83834243
323 1554824284.86666536
324 1554824284.89498854
325 1554824284.92331171
326 1554824284.95163441
327 1554824284.97995853
328 1554824285.00828171
329 1554824285.0366044
330 1554824285.06492758
331 1554824285.09325051
332 1554824285.12157369
333 1554824285.14989638
334 1554824285.17821956
335 1554824285.20654249
336 1554824285.23486543
337 1554824285.26318836
338 1554824285.29151154
339 1554824285.31983471
340 1554824285.34815836
341 1554824285.37648153
342 1554824285.40480471
343 1554824285.4331274
344 1554824285.46145058
345 1554824285.48977351
346 1554824285.51809645
347 1554824285.54641938
348 1554824285.57474256
349 1554824285.60306549
350 1554824285.63138843
351 1554824285.6597116
352 1554824285.68803453
353 1554824285.71635842
354 1554824285.74468136
355 1554824285.77300453
356 1554824285.80132771
357 1554824285.8296504
358 1554824285.85797358
359 1554824285.88629651
360 1554824285.91461945
361 1554824285.94294238
362 1554824285.97126555
363 1554824285.99958849
364 1554824286.02791142
365 1554824286.0562346
366 1554824286.08455849
367 1554824286.11288142
368 1554824286.1412046
369 1554824286.16952753
370 1554824286.1978507
371 1554824286.2261734
372 1554824286.25449657
373 1554824286.28281951
374 1554824286.31114244
375 1554824286.33946538
376 1554824286.36778855
377 1554824286.39611173
378 1554824286.42443442
379 1554824286.45275855
380 1554824286.48108149
381 1554824286.50940442
382 1554824286.53772759
383 1554824286.56605053
384 1554824286.5943737
385 1554824286.6226964
386 1554824286.65101957
387 1554824286.67934251
388 1554824286.70766544
389 1554824286.73598838
390 1554824286.76431155
391 1554824286.79263473
392 1554824286.82095838
393 1554824286.84928155
394 1554824286.87760472
395 1554824286.90592742
396 1554824286.93425059
397 1554824286.96257353
398 1554824286.99089646
399 1554824287.0192194
400 1554824287.04754257
401 1554824287.07586551
402 1554824287.10418844
403 1554824287.13251138
404 1554824287.16083455
405 1554824287.18915844
406 1554824287.21748137
407 1554824287.24580455
408 1554824287.27412772
409 1554824287.30245042
410 1554824287.33077359
411 1554824287.35909653
412 1554824287.38741946
413 1554824287.4157424
414 1554824287.44406557
415 1554824287.47238851
416 1554824287.50071144
417 1554824287.52903461
418 1554824287.5573585
419 1554824287.58568144
420 1554824287.61400437
421 1554824287.64232755
422 1554824287.67065072
423 1554824287.69897342
424 1554824287.72729659
425 1554824287.75561953
426 1554824287.78394246
427 1554824287.8122654
428 1554824287.84058857
429 1554824287.8689115
430 1554824287.89723444
431 1554824287.92555857
432 1554824287.9538815
433 1554824287.98220444
434 1554824288.01052737
435 1554824288.03885055
436 1554824288.06717372
437 1554824288.09549642
438 1554824288.12381959
439 1554824288.15214252
440 1554824288.18046546
441 1554824288.20878839
442 1554824288.23711157
443 1554824288.26543474
444 1554824288.29375839
445 1554824288.32208157
446 1554824288.3504045
447 1554824288.37872744
448 1554824288.40705061
449 1554824288.43537354
450 1554824288.46369648
451 1554824288.49201941
452 1554824288.52034259
453 1554824288.54866552
454 1554824288.57698846
455 1554824288.60531139
456 1554824288.63363457
457 1554824288.66195846
458 1554824288.69028139
459 1554824288.71860456
460 1554824288.7469275
461 1554824288.77525043
462 1554824288.80357361
463 1554824288.83189654
464 1554824288.86021948
465 1554824288.88854241
466 1554824288.91686559
467 1554824288.94518852
468 1554824288.97351146
469 1554824289.00183439
470 1554824289.03015852
471 1554824289.05848145
472 1554824289.08680439
473 1554824289.11512756
474 1554824289.14345074
475 1554824289.17177343
476 1554824289.20009661
477 1554824289.22841954
478 1554824289.25674248
479 1554824289.28506541
480 1554824289.31338859
481 1554824289.34171152
482 1554824289.37003446
483 1554824289.39835858
484 1554824289.42668152
485 1554824289.45500445
486 1554824289.48332739
487 1554824289.51165056
488 1554824289.53997374
489 1554824289.56829643
490 1554824289.59661961
491 1554824289.62494254
492 1554824289.65326548
493 1554824289.68158841
494 1554824289.70991158
495 1554824289.73823452
496 1554824289.76655841
497 1554824289.79488158
498 1554824289.82320452
499 1554824289.85152745
500 1554824289.87985039
501 1554824289.90817356
502 1554824289.9364965
503 1554824289.96481943
504 1554824289.9931426
505 1554824290.02146554
506 1554824290.04978848
507 1554824290.07811141
508 1554824290.10643458
509 1554824290.13475847
510 1554824290.16308141
511 1554824290.19140458
512 1554824290.21972752
513 1554824290.24805045
514 1554824290.27637339
515 1554824290.30469656
516 1554824290.3330195
517 1554824290.36134243
518 1554824290.3896656
519 1554824290.41798854
520 1554824290.44631147
521 1554824290.47463441
522 1554824290.50295854
523 1554824290.53128147
524 1554824290.55960441
525 1554824290.58792758
526 1554824290.61625051
527 1554824290.64457345
528 1554824290.67289662
529 1554824290.70121956
530 1554824290.72954249
531 1554824290.75786543
532 1554824290.7861886
533 1554824290.81451154
534 1554824290.84283447
535 1554824290.8711586
536 1554824290.89948153
537 1554824290.92780447
538 1554824290.95612741
539 1554824290.98445058
540 1554824291.01277351
541 1554824291.04109645
542 1554824291.06941962
543 1554824291.09774256
544 1554824291.12606549
545 1554824291.15438843
546 1554824291.1827116
547 1554824291.21103454
548 1554824291.23935843
549 1554824291.2676816
550 1554824291.29600453
551 1554824291.32432747
552 1554824291.3526504
553 1554824291.38097358
554 1554824291.40929627
555 1554824291.43761945
556 1554824291.46594262
557 1554824291.49426556
558 1554824291.52258849
559 1554824291.55091143
560 1554824291.5792346
561 1554824291.60755849
562 1554824291.63588142
563 1554824291.6642046
564 1554824291.69252753
565 1554824291.72085047
566 1554824291.7491734
567 1554824291.77749658
568 1554824291.80581927
569 1554824291.83414245
570 1554824291.86246562
571 1554824291.89078856
572 1554824291.91911149
573 1554824291.94743443
574 1554824291.97575855
575 1554824292.00408149
576 1554824292.03240442
577 1554824292.0607276
578 1554824292.08905053
579 1554824292.11737347
580 1554824292.1456964
581 1554824292.17401958
582 1554824292.20234251
583 1554824292.23066545
584 1554824292.25898862
585 1554824292.28731155
586 1554824292.31563449
587 1554824292.34395862
588 1554824292.37228155
589 1554824292.40060449
590 1554824292.42892742
591 1554824292.4572506
592 1554824292.48557353
593 1554824292.51389647
594 1554824292.54221964
595 1554824292.57054257
596 1554824292.59886551
597 1554824292.62718844
598 1554824292.65551162
599 1554824292.68383455
600 1554824292.71215844
601 1554824292.74048162
602 1554824292.76880455
603 1554824292.79712749
604 1554824292.82545042
605 1554824292.85377359
606 1554824292.88209629
607 1554824292.91041946
608 1554824292.93874264
609 1554824292.96706557
610 1554824292.99538851
611 1554824293.02371144
612 1554824293.05203462
613 1554824293.08035851
614 1554824293.10868144
615 1554824293.13700461
616 1554824293.16532755
617 1554824293.19365048
618 1554824293.22197342
619 1554824293.25029659
620 1554824293.27861929
621 1554824293.30694246
622 1554824293.33526564
623 1554824293.36358857
624 1554824293.39191151
625 1554824293.42023444
626 1554824293.44855857
627 1554824293.4768815
628 1554824293.50520444
629 1554824293.53352761
630 1554824293.56185055
631 1554824293.59017348
632 1554824293.61849642
633 1554824293.64681959
634 1554824293.67514229
635 1554824293.70346546
636 1554824293.73178864
637 1554824293.76011157
638 1554824293.78843451
639 1554824293.81675863
640 1554824293.84508157
641 1554824293.8734045
642 1554824293.90172744
643 1554824293.93005061
644 1554824293.95837355
645 1554824293.98669648
646 1554824294.01501942
647 1554824294.04334259
648 1554824294.07166553
649 1554824294.09998846
650 1554824294.12831163
651 1554824294.15663457
652 1554824294.18495846
653 1554824294.21328163
654 1554824294.24160457
655 1554824294.2699275
656 1554824294.29825044
657 1554824294.32657361
658 1554824294.35489631
659 1554824294.38321948
660 1554824294.41154242
661 1554824294.43986559
662 1554824294.46818852
663 1554824294.49651146
664 1554824294.52483463
665 1554824294.55315828
666 1554824294.58148146
667 1554824294.60980463
668 1554824294.63812757
669 1554824294.6664505
670 1554824294.69477344
671 1554824294.72309661
672 1554824294.75141931
673 1554824294.77974248
674 1554824294.80806565
675 1554824294.83638859
676 1554824294.86471152
677 1554824294.89303446
678 1554824294.92135859
679 1554824294.94968152
680 1554824294.97800446
681 1554824295.00632763
682 1554824295.03465056
683 1554824295.0629735
684 1554824295.09129643
685 1554824295.11961961
686 1554824295.1479423
687 1554824295.17626548
688 1554824295.20458865
689 1554824295.23291159
690 1554824295.26123452
691 1554824295.28955841
692 1554824295.31788158
693 1554824295.34620452
694 1554824295.37452745
695 1554824295.40285063
696 1554824295.43117356
697 1554824295.4594965
698 1554824295.48781943
699 1554824295.51614261
700 1554824295.5444653
701 1554824295.57278848
702 1554824295.60111165
703 1554824295.62943459
704 1554824295.65775847
705 1554824295.68608165
706 1554824295.71440458
707 1554824295.74272752
708 1554824295.77105045
709 1554824295.79937363
710 1554824295.82769632
711 1554824295.8560195
712 1554824295.88434243
713 1554824295.91266561
714 1554824295.9409883
715 1554824295.96931148
716 1554824295.99763465
717 1554824296.0259583
718 1554824296.05428147
719 1554824296.08260465
720 1554824296.11092758
721 1554824296.13925052
722 1554824296.16757345
723 1554824296.19589663
724 1554824296.22421932
725 1554824296.2525425
726 1554824296.28086543
727 1554824296.3091886
728 1554824296.33751154
729 1554824296.36583447
730 1554824296.3941586
731 1554824296.4224813
732 1554824296.45080447
733 1554824296.47912765
734 1554824296.50745058
735 1554824296.53577352
736 1554824296.56409645
737 1554824296.59241962
738 1554824296.62074232
739 1554824296.64906549
740 1554824296.67738843
741 1554824296.7057116
742 1554824296.73403454
743 1554824296.76235843
744 1554824296.7906816
745 1554824296.8190043
746 1554824296.84732747
747 1554824296.87565064
748 1554824296.90397358
749 1554824296.93229651
750 1554824296.96061945
751 1554824296.98894262
752 1554824297.01726532
753 1554824297.04558849
754 1554824297.07391167
755 1554824297.1022346
756 1554824297.13055849
757 1554824297.15888143
758 1554824297.1872046
759 1554824297.21552753
760 1554824297.24385047
761 1554824297.27217364
762 1554824297.30049634
763 1554824297.32881951
764 1554824297.35714245
765 1554824297.38546562
766 1554824297.41378832
767 1554824297.44211149
768 1554824297.47043467
769 1554824297.49875832
770 1554824297.52708149
771 1554824297.55540466
772 1554824297.5837276
773 1554824297.61205053
774 1554824297.64037347
775 1554824297.66869664
776 1554824297.69701934
777 1554824297.72534251
778 1554824297.75366545
779 1554824297.78198862
780 1554824297.81031132
781 1554824297.83863449
782 1554824297.86695862
783 1554824297.89528131
784 1554824297.92360449
785 1554824297.95192766
786 1554824297.9802506
787 1554824298.00857353
788 1554824298.03689647
789 1554824298.06521964
790 1554824298.09354234
791 1554824298.12186551
792 1554824298.15018845
793 1554824298.17851162
794 1554824298.20683432
795 1554824298.23515844
796 1554824298.26348162
797 1554824298.29180431
798 1554824298.32012749
799 1554824298.34845066
800 1554824298.3767736
801 1554824298.40509653
802 1554824298.43341947
803 1554824298.46174264
804 1554824298.49006534
805 1554824298.51838851
806 1554824298.54671144
807 1554824298.57503462
808 1554824298.60335851
809 1554824298.63168144
810 1554824298.66000462
811 1554824298.68832731
812 1554824298.71665049
813 1554824298.74497366
814 1554824298.77329636
815 1554824298.80161953
816 1554824298.82994246
817 1554824298.85826564
818 1554824298.88658834
819 1554824298.91491151
820 1554824298.94323444
821 1554824298.97155833
822 1554824298.99988151
823 1554824299.02820444
824 1554824299.05652761
825 1554824299.08485055
826 1554824299.11317348
827 1554824299.14149666
828 1554824299.16981936
829 1554824299.19814253
830 1554824299.22646546
831 1554824299.25478864
832 1554824299.28311133
833 1554824299.31143451
834 1554824299.33975863
835 1554824299.36808133
836 1554824299.3964045
837 1554824299.42472744
838 1554824299.45305061
839 1554824299.48137355
840 1554824299.50969648
841 1554824299.53801966
842 1554824299.56634235
843 1554824299.59466553
844 1554824299.62298846
845 1554824299.65131164
846 1554824299.67963433
847 1554824299.70795846
848 1554824299.73628163
849 1554824299.76460433
850 1554824299.7929275
851 1554824299.82125068
852 1554824299.84957361
853 1554824299.87789655
854 1554824299.90621948
855 1554824299.93454266
856 1554824299.96286535
857 1554824299.99118853
858 1554824300.01951146
859 1554824300.04783463
860 1554824300.07615852
861 1554824300.10448146
862 1554824300.13280463
863 1554824300.16112733
864 1554824300.1894505
865 1554824300.21777368
866 1554824300.24609637
867 1554824300.27441955
868 1554824300.30274248
869 1554824300.33106565
870 1554824300.35938835
871 1554824300.38771152
872 1554824300.41603446
873 1554824300.44435835
874 1554824300.47268152
875 1554824300.50100446
876 1554824300.52932763
877 1554824300.55765033
878 1554824300.5859735
879 1554824300.61429667
880 1554824300.64261937
881 1554824300.67094254
882 1554824300.69926548
883 1554824300.72758865
884 1554824300.75591135
885 1554824300.78423452
886 1554824300.81255865
887 1554824300.84088135
888 1554824300.86920452
889 1554824300.89752746
890 1554824300.92585063
891 1554824300.95417333
892 1554824300.9824965
893 1554824301.01081967
894 1554824301.03914237
895 1554824301.06746554
896 1554824301.09578848
897 1554824301.12411165
898 1554824301.15243435
899 1554824301.18075848
900 1554824301.20908165
901 1554824301.23740435
902 1554824301.26572752
903 1554824301.29405046
904 1554824301.32237363
905 1554824301.35069656
906 1554824301.3790195
907 1554824301.40734267
908 1554824301.43566537
909 1554824301.46398854
910 1554824301.49231148
911 1554824301.52063465
912 1554824301.54895854
913 1554824301.57728148
914 1554824301.60560465
915 1554824301.63392735
916 1554824301.66225052
917 1554824301.69057345
918 1554824301.71889639
919 1554824301.74721956
920 1554824301.7755425
921 1554824301.80386567
922 1554824301.83218837
923 1554824301.86051154
924 1554824301.88883448
925 1554824301.91715837
926 1554824301.94548154
927 1554824301.97380447
928 1554824302.00212765
929 1554824302.03045034
930 1554824302.05877352
931 1554824302.08709669
932 1554824302.11541939
933 1554824302.14374256
934 1554824302.1720655
935 1554824302.20038867
936 1554824302.22871137
937 1554824302.25703454
938 1554824302.28535867
939 1554824302.31368136
940 1554824302.34200454
941 1554824302.37032747
942 1554824302.39865065
943 1554824302.42697334
944 1554824302.45529652
945 1554824302.48361969
946 1554824302.51194239
947 1554824302.54026556
948 1554824302.5685885
949 1554824302.59691167
950 1554824302.62523437
951 1554824302.65355849
952 1554824302.68188167
953 1554824302.71020436
954 1554824302.73852754
955 1554824302.76685047
956 1554824302.79517365
957 1554824302.82349634
958 1554824302.85181952
959 1554824302.88014269
960 1554824302.90846539
961 1554824302.93678856
962 1554824302.96511149
963 1554824302.99343467
964 1554824303.02175856
965 1554824303.05008149
966 1554824303.07840466
967 1554824303.10672736
968 1554824303.13505054
969 1554824303.16337347
970 1554824303.19169641
971 1554824303.22001934
972 1554824303.24834251
973 1554824303.27666569
974 1554824303.30498838
975 1554824303.33331156
976 1554824303.36163449
977 1554824303.38995838
978 1554824303.41828156
979 1554824303.44660449
980 1554824303.47492766
981 1554824303.50325036
982 1554824303.53157353
983 1554824303.55989647
984 1554824303.5882194
985 1554824303.61654258
986 1554824303.64486551
987 1554824303.67318869
988 1554824303.70151138
989 1554824303.72983456
990 1554824303.75815868
991 1554824303.78648138
992 1554824303.81480455
993 1554824303.84312749
994 1554824303.87145066
995 1554824303.89977336
996 1554824303.92809653
997 1554824303.95641947
998 1554824303.9847424
999 1554824304.01306558
1000 1554824304.04138851
1001 1554824304.06971169
1002 1554824304.09803438
1003 1554824304.12635851
1004 1554824304.15468168
1005 1554824304.18300438
1006 1554824304.21132755
1007 1554824304.23965049
1008 1554824304.26797366
1009 1554824304.29629636
1010 1554824304.32461953
1011 1554824304.35294271
1012 1554824304.3812654
1013 1554824304.40958858
1014 1554824304.43791151
1015 1554824304.46623468
1016 1554824304.49455857
1017 1554824304.52288151
1018 1554824304.55120468
1019 1554824304.57952738
1020 1554824304.60785055
1021 1554824304.63617349
1022 1554824304.66449642
1023 1554824304.69281936
1024 1554824304.72114253
1025 1554824304.7494657
1026 1554824304.7777884
1027 1554824304.80611157
1028 1554824304.83443451
1029 1554824304.8627584
1030 1554824304.89108157
1031 1554824304.91940451
1032 1554824304.94772768
1033 1554824304.97605038
1034 1554824305.00437355
1035 1554824305.03269649
1036 1554824305.06101942
1037 1554824305.08934236
1038 1554824305.11766553
1039 1554824305.1459887
1040 1554824305.1743114
1041 1554824305.20263457
1042 1554824305.2309587
1043 1554824305.2592814
1044 1554824305.28760457
1045 1554824305.31592751
1046 1554824305.34425068
1047 1554824305.37257338
1048 1554824305.40089655
1049 1554824305.42921948
1050 1554824305.45754242
1051 1554824305.48586535
1052 1554824305.51418853
1053 1554824305.5425117
1054 1554824305.5708344
1055 1554824305.59915853
1056 1554824305.6274817
1057 1554824305.6558044
1058 1554824305.68412757
1059 1554824305.7124505
1060 1554824305.74077368
1061 1554824305.76909637
1062 1554824305.79741955
1063 1554824305.82574248
1064 1554824305.85406542
1065 1554824305.88238859
1066 1554824305.91071153
1067 1554824305.9390347
1068 1554824305.96735835
1069 1554824305.99568152
1070 1554824306.0240047
1071 1554824306.05232739
1072 1554824306.08065057
1073 1554824306.1089735
1074 1554824306.13729644
1075 1554824306.16561937
1076 1554824306.19394255
1077 1554824306.22226548
1078 1554824306.25058842
1079 1554824306.27891159
1080 1554824306.30723453
1081 1554824306.33555841
1082 1554824306.36388159
1083 1554824306.39220452
1084 1554824306.4205277
1085 1554824306.44885039
1086 1554824306.47717357
1087 1554824306.5054965
1088 1554824306.53381944
1089 1554824306.56214237
1090 1554824306.59046555
1091 1554824306.61878872
1092 1554824306.64711142
1093 1554824306.67543459
1094 1554824306.70375848
1095 1554824306.73208141
1096 1554824306.76040459
1097 1554824306.78872752
1098 1554824306.8170507
1099 1554824306.84537339
1100 1554824306.87369657
1101 1554824306.9020195
1102 1554824306.93034244
1103 1554824306.95866537
1104 1554824306.98698854
1105 1554824307.01531172
1106 1554824307.04363441
1107 1554824307.07195854
1108 1554824307.10028172
1109 1554824307.12860441
1110 1554824307.15692759
1111 1554824307.18525052
1112 1554824307.21357369
1113 1554824307.24189639
1114 1554824307.27021956
1115 1554824307.2985425
1116 1554824307.32686543
1117 1554824307.35518837
1118 1554824307.38351154
1119 1554824307.41183472
1120 1554824307.44015837
1121 1554824307.46848154
1122 1554824307.49680471
1123 1554824307.52512741
1124 1554824307.55345058
1125 1554824307.58177352
1126 1554824307.61009645
1127 1554824307.63841939
1128 1554824307.66674256
1129 1554824307.6950655
1130 1554824307.72338843
1131 1554824307.75171161
1132 1554824307.78003454
1133 1554824307.80835843
1134 1554824307.83668137
1135 1554824307.86500454
1136 1554824307.89332771
1137 1554824307.92165041
1138 1554824307.94997358
1139 1554824307.97829652
1140 1554824308.00661945
1141 1554824308.03494239
1142 1554824308.06326556
1143 1554824308.0915885
1144 1554824308.11991143
1145 1554824308.14823461
1146 1554824308.17655849
1147 1554824308.20488143
1148 1554824308.23320436
1149 1554824308.26152754
1150 1554824308.28985071
1151 1554824308.31817341
1152 1554824308.34649658
1153 1554824308.37481952
1154 1554824308.40314245
1155 1554824308.43146539
1156 1554824308.45978856
1157 1554824308.48811173
1158 1554824308.51643443
1159 1554824308.54475856
1160 1554824308.57308149
1161 1554824308.60140443
1162 1554824308.6297276
1163 1554824308.65805054
1164 1554824308.68637371
1165 1554824308.71469641
1166 1554824308.74301958
1167 1554824308.77134252
1168 1554824308.79966545
1169 1554824308.82798839
1170 1554824308.85631156
1171 1554824308.88463473
1172 1554824308.91295838
1173 1554824308.94128156
1174 1554824308.96960449
1175 1554824308.99792743
1176 1554824309.0262506
1177 1554824309.05457354
1178 1554824309.08289647
1179 1554824309.11121941
1180 1554824309.13954258
1181 1554824309.16786551
1182 1554824309.19618845
1183 1554824309.22451138
1184 1554824309.25283456
1185 1554824309.28115845
1186 1554824309.30948138
1187 1554824309.33780456
1188 1554824309.36612773
1189 1554824309.39445043
1190 1554824309.4227736
1191 1554824309.45109653
1192 1554824309.47941947
1193 1554824309.5077424
1194 1554824309.53606558
1195 1554824309.56438851
1196 1554824309.59271145
1197 1554824309.62103438
1198 1554824309.64935851
1199 1554824309.67768145
1200 1554824309.70600438
1201 1554824309.73432755
1202 1554824309.76265073
1203 1554824309.79097342
1204 1554824309.8192966
1205 1554824309.84761953
1206 1554824309.87594247
1207 1554824309.9042654
1208 1554824309.93258858
1209 1554824309.96091151
1210 1554824309.98923445
1211 1554824310.01755857
1212 1554824310.04588151
1213 1554824310.07420444
1214 1554824310.10252738
1215 1554824310.13085055
1216 1554824310.15917373
1217 1554824310.18749642
1218 1554824310.2158196
1219 1554824310.24414253
1220 1554824310.27246547
1221 1554824310.3007884
1222 1554824310.32911158
1223 1554824310.35743451
1224 1554824310.3857584
1225 1554824310.41408157
1226 1554824310.44240451
1227 1554824310.47072744
1228 1554824310.49905038
1229 1554824310.52737355
1230 1554824310.55569649
1231 1554824310.58401942
1232 1554824310.6123426
1233 1554824310.64066553
1234 1554824310.66898847
1235 1554824310.6973114
1236 1554824310.72563457
1237 1554824310.75395846
1238 1554824310.7822814
1239 1554824310.81060457
1240 1554824310.83892751
1241 1554824310.86725044
1242 1554824310.89557362
1243 1554824310.92389655
1244 1554824310.95221949
1245 1554824310.98054242
1246 1554824311.00886559
